Epoch	train_loss	val_loss
<<<<<<< HEAD
1	0.7413957547396421	0.6913834661245346
2	0.6061372607946396	0.5857979655265808
=======
1	0.6847817301750183	0.6040270775556564
2	0.5452081523835659	0.5347671359777451
3	0.5244297496974468	0.5291300565004349
4	0.44024043530225754	0.5086533352732658
5	0.4503166116774082	0.5055481493473053
6	0.4754433948546648	0.48604873940348625
7	0.47058246564120054	0.48193563520908356
8	0.38092318177223206	0.4828677698969841
9	0.3983840197324753	0.5567900314927101
10	0.4064919091761112	0.526533231139183
11	0.4245580891147256	0.48645272105932236
12	0.3999337926506996	0.5232605487108231
13	0.44834172260016203	0.5956485494971275
14	0.3694444987922907	0.4837016835808754
15	0.3960426729172468	0.4796311780810356
16	0.4592495784163475	0.719296433031559
17	0.36379885766655207	0.48803044855594635
18	0.3501535877585411	0.4215737581253052
19	0.32053087651729584	0.4412948489189148
20	0.31592290941625834	0.4559333771467209
21	0.3138841073960066	0.4431343115866184
22	0.3082471676170826	0.46003754436969757
23	0.25709143467247486	0.4986322969198227
24	0.3042055740952492	0.44825977087020874
25	0.274252790492028	0.4846706986427307
26	0.22873606625944376	0.47090958803892136
27	0.33046671701595187	0.5367356911301613
28	0.26723991939798	0.5759297758340836
29	0.254613833501935	0.517381489276886
30	0.2733854306861758	0.5208053141832352
31	0.28888636315241456	0.5417024083435535
32	0.33568039257079363	0.44332848489284515
33	0.2849278929643333	0.4310409277677536
34	0.2654977682977915	0.459780003875494
35	0.2568423976190388	0.5483594611287117
36	0.27164947148412466	0.5581043250858784
37	0.2065808568149805	0.4192310869693756
38	0.25662376917898655	0.4381477851420641
39	0.2876621475443244	0.5077901855111122
40	0.2979738567955792	0.5594051331281662
41	0.30268732365220785	0.5423499271273613
42	0.2792823859490454	0.6485886052250862
43	0.3464561994187534	0.43128425627946854
44	0.2814208106137812	0.46719129756093025
45	0.23522377153858542	0.43633367866277695
46	0.21419836208224297	0.5027664676308632
47	0.2356894933618605	0.44834887981414795
48	0.22406176710501313	0.5625693202018738
49	0.2667365523520857	0.4500301219522953
50	0.24299582140520215	0.5447177067399025
51	0.33237858954817057	0.4801145000383258
52	0.3082058234140277	0.6031124144792557
53	0.2649217015132308	0.48151296377182007
54	0.22501864517107606	0.6046716943383217
55	0.19891977403312922	0.4873617812991142
56	0.18541273614391685	0.5064466819167137
57	0.22412080923095345	0.4795318990945816
58	0.179138891864568	0.5314417444169521
59	0.21568194217979908	0.5652412548661232
60	0.30081350007094443	0.5571022108197212
61	0.1962985482532531	0.48620157316327095
62	0.22984707728028297	0.532403327524662
63	0.2045868136920035	0.4725300818681717
64	0.17906473949551582	0.47804776579141617
65	0.2235284517519176	0.5048855766654015
66	0.17566696647554636	0.4532695636153221
67	0.22011628141626716	0.5153152346611023
68	0.27791426447220147	0.6111972741782665
69	0.2062584008090198	0.41802847385406494
70	0.26308115106076	0.569313295185566
71	0.21860099583864212	0.49310921132564545
72	0.25051703210920095	0.6060150265693665
73	0.21021486748941243	0.5451891645789146
74	0.16897330526262522	0.43836004100739956
75	0.3129329727962613	0.5054178684949875
76	0.21503832074813545	0.5488340854644775
77	0.17646199371665716	0.524163655936718
78	0.20409216615371406	0.5366364270448685
79	0.21896219672635198	0.5191245712339878
80	0.16862394218333066	0.5683202818036079
81	0.20843320456333458	0.4601079113781452
82	0.18199387309141457	0.5222355276346207
83	0.14428884768858552	0.5763946697115898
84	0.19588398491032422	0.5346070826053619
85	0.22663757600821555	0.5766254812479019
86	0.22770584234967828	0.44113754108548164
87	0.2617614511400461	0.5950204990804195
88	0.2595795434899628	0.6266831010580063
89	0.17417654488235712	0.5039525255560875
90	0.15756116900593042	0.5358977392315865
91	0.16735191247425973	0.4846988543868065
92	0.1916345008648932	0.46924804989248514
93	0.25615484919399023	0.587281309068203
94	0.1777004973264411	0.4780247360467911
95	0.21629539201967418	0.575255274772644
96	0.19398183235898614	0.515054278075695
97	0.20776746910996735	0.538300521671772
98	0.1611933340318501	0.5812232121825218
99	0.19333745120093226	0.5002544596791267
100	0.17842296278104186	0.4859558679163456

Test predictions. 

pred	true
0.0019427717197686434	0
0.006046826019883156	0
0.020570943132042885	1
0.9084804654121399	1
0.09703002870082855	0
0.0024326639249920845	0
0.014387259259819984	0
0.06520488858222961	0
0.013428203761577606	0
0.9953123331069946	1
0.9166347980499268	1
0.8712283372879028	1
0.17533956468105316	0
0.5817508697509766	1
0.8803553581237793	1
0.9935319423675537	1
0.26977649331092834	1
0.06568348407745361	0
0.7172496318817139	0
0.45324403047561646	0
0.008858769200742245	0
0.00989737268537283	0
0.015858402475714684	1
0.9813775420188904	1
0.05917128548026085	0
0.1410953402519226	1
0.05898032337427139	0
0.04220888018608093	0
0.0797477662563324	0
0.6528312563896179	1
0.45330309867858887	1
0.05007043108344078	0
0.05898032337427139	0
0.0021675063762813807	0
0.023005984723567963	0
0.9903435707092285	1
0.1287970244884491	1
0.10056199133396149	0
0.9981377124786377	1

Accuracy: 0.8205128205128205
>>>>>>> 327da96fc49eeed53bfd4ead01c3258a98fa6034
