Epoch	train_loss	val_loss
1	0.7697687298059464	0.682140901684761
2	0.6739012934267521	0.6369182243943214
3	0.650935148820281	0.5727338865399361
4	0.6868587080389261	0.5671102106571198
5	0.6288286969065666	0.5111344307661057
6	0.5808607582002878	0.5062625259160995
7	0.6056370120495558	0.4925977811217308
8	0.5389698892831802	0.48142217099666595
9	0.5363888032734394	0.4738069847226143
10	0.5272143185138702	0.5157123431563377
11	0.5058980118483305	0.4610664024949074
12	0.5465712398290634	0.4567761793732643
13	0.5060776360332966	0.4749879390001297
14	0.5538908746093512	0.4410959556698799
15	0.49385323375463486	0.450029119849205
16	0.4707031808793545	0.417845219373703
17	0.47494593262672424	0.41898203641176224
18	0.4753635935485363	0.41295821219682693
19	0.5046707820147276	0.4007398970425129
20	0.4814309645444155	0.4421420022845268
21	0.4564014011994004	0.4202003628015518
22	0.4852559454739094	0.4124063402414322
23	0.45329653564840555	0.38709359243512154
24	0.46228482853621244	0.40749435871839523
25	0.4450834058225155	0.39224299788475037
26	0.4720271062105894	0.3872249200940132
27	0.4551989231258631	0.39264559745788574
28	0.45068999007344246	0.3671084828674793
29	0.45371262449771166	0.37938179075717926
30	0.4673926280811429	0.43226873129606247
31	0.4340042266994715	0.4625415876507759
32	0.4686438748613	0.41274314373731613
33	0.44488688185811043	0.39429786056280136
34	0.4473362620919943	0.46341635286808014
35	0.4570012418553233	0.42931992560625076
36	0.4573198724538088	0.4757010117173195
37	0.3852788070216775	0.3903893604874611
38	0.44208828639239073	0.39323925226926804
39	0.4050607094541192	0.38224607706069946
40	0.4847779255360365	0.3740616515278816
41	0.4222527351230383	0.4288671277463436
42	0.40298841893672943	0.37941526994109154
43	0.37990480568259954	0.3939812183380127
44	0.456662068143487	0.3448047898709774
45	0.40524960588663816	0.36290615051984787
46	0.3690709760412574	0.372823029756546
47	0.3847410622984171	0.4074781462550163
48	0.3782012341544032	0.384322103112936
49	0.3466606978327036	0.3746930919587612
50	0.4095670562237501	0.37360677495598793
51	0.3652593344449997	0.3760578818619251
52	0.4675622070208192	0.38380230590701103
53	0.4091945765540004	0.3520252928137779
54	0.37167109455913305	0.3867241144180298
55	0.4096235013566911	0.4356546327471733
56	0.4294965364970267	0.3803594931960106
57	0.44886457175016403	0.3925583064556122
58	0.34508346300572157	0.3943531960248947
59	0.3647174099460244	0.3862047493457794
60	0.40227431803941727	0.3675713948905468
61	0.4225000385195017	0.3783567398786545
62	0.37887227069586515	0.4228089861571789
63	0.37406001053750515	0.400734543800354
64	0.42866922728717327	0.4079355113208294
65	0.36500488966703415	0.3983534313738346
66	0.33053867518901825	0.4731455296278
67	0.29681903310120106	0.4722830168902874
68	0.3563994634896517	0.45029041171073914
69	0.4182566720992327	0.41241636127233505
70	0.4316999074071646	0.47179165482521057
71	0.36461818870157003	0.4226752035319805
72	0.41792716830968857	0.4345816746354103
73	0.37122870702296495	0.4175429679453373
74	0.3716138741001487	0.3938196673989296
75	0.4072457430884242	0.4598895236849785
76	0.37183382641524076	0.3958132229745388
77	0.3985350951552391	0.44043969362974167
78	0.37373344227671623	0.38919761404395103
79	0.4284958662465215	0.44131963700056076
80	0.40255197416990995	0.3836279958486557
81	0.35631233267486095	0.4515547640621662
82	0.39432723075151443	0.39551007002592087
83	0.40773333981633186	0.43704885244369507
84	0.3578381044790149	0.5159471705555916
85	0.38620387110859156	0.4194069355726242
86	0.36809700913727283	0.4137914776802063
87	0.3383372901007533	0.41446027159690857
88	0.4097222313284874	0.43642760068178177
89	0.4211372910067439	0.42348721623420715
90	0.37248127069324255	0.4031270854175091
91	0.379176480229944	0.4170588403940201
92	0.33610348124057055	0.4053375795483589
93	0.3822454931214452	0.3946242816746235
94	0.3553278399631381	0.48433054983615875
95	0.34866137616336346	0.45798107236623764
96	0.37686446495354176	0.49515996500849724
97	0.3374712555669248	0.3976302146911621
98	0.37604898400604725	0.4471278712153435
99	0.38709937734529376	0.4393615052103996
100	0.42767234332859516	0.5750772804021835

Test predictions. 

pred	true
0.21224579215049744	0
0.1221393421292305	0
0.21385003626346588	0
0.19182585179805756	0
0.10326279699802399	1
0.5131872296333313	0
0.16626882553100586	0
0.5080710649490356	1
0.8850888013839722	1
0.8656389117240906	1
0.05592663586139679	0
0.04215020313858986	0
0.07004725188016891	0
0.45699816942214966	0
0.4810522198677063	1
0.06792870163917542	0
0.9181851148605347	1
0.5131872296333313	0
0.05961734056472778	0
0.37813442945480347	0
0.23531751334667206	0
0.1288890540599823	0
0.18043872714042664	1
0.5857300758361816	1
0.06419990211725235	0
0.13418227434158325	0
0.9908355474472046	1
0.568105936050415	0
0.442307710647583	0
0.542033314704895	1
0.716745913028717	1
0.675858736038208	1
0.46652787923812866	1
0.5763413906097412	1
0.22538842260837555	0
0.3730190694332123	1
0.09006740152835846	1
0.28581663966178894	1
0.3122800886631012	0

Accuracy: 0.7435897435897436
