Epoch	train_loss	val_loss
1	0.6909450367093086	0.6458511352539062
2	0.6669847425073385	0.5984742343425751
3	0.5843885466456413	0.5435393154621124
4	0.5682301577180624	0.49300528317689896
5	0.5756106432527304	0.4898819550871849
6	0.6247736774384975	0.46943434327840805
7	0.6620361190289259	0.49138854444026947
8	0.574700478464365	0.4507441446185112
9	0.590394938364625	0.6016351692378521
10	0.5905411001294851	0.4108467921614647
11	0.5432976633310318	0.4482984021306038
12	0.6389867011457682	0.43650072067976
13	0.573905861005187	0.4149363189935684
14	0.5747353322803974	0.4445704370737076
15	0.5531247509643435	0.47666557878255844
16	0.5144666321575642	0.42782390862703323
17	0.5282787680625916	0.4973985105752945
18	0.5419381577521563	0.4043639674782753
19	0.4680266296491027	0.4019129201769829
20	0.510579314082861	0.4522937163710594
21	0.4776438307017088	0.40976686030626297
22	0.4778654519468546	0.41547101736068726
23	0.5112684182822704	0.4176720641553402
24	0.48780111502856016	0.4226059541106224
25	0.45947563368827105	0.39716410636901855
26	0.5127236656844616	0.4262549765408039
27	0.46897976100444794	0.43306515365839005
28	0.4529358819127083	0.35548997670412064
29	0.4450792735442519	0.40502794831991196
30	0.43924405705183744	0.3408961445093155
31	0.48142250441014767	0.3474382273852825
32	0.4412033371627331	0.34945249930024147
33	0.4358133664354682	0.42176198959350586
34	0.43948741257190704	0.34662817418575287
35	0.5273508448153734	0.38679133355617523
36	0.4609383512288332	0.36140400543808937
37	0.4986035153269768	0.4879162684082985
38	0.5396097376942635	0.3412274084985256
39	0.449013389647007	0.39364515990018845
40	0.4378068074584007	0.41273006796836853
41	0.40203726571053267	0.35848721116781235
42	0.6251380117610097	0.5246226266026497
43	0.5769781991839409	0.3948907256126404
44	0.4399795960634947	0.42747095972299576
45	0.47852294240146875	0.3396710939705372
46	0.41422851383686066	0.3719196729362011
47	0.4496343145146966	0.4036029428243637
48	0.40282888896763325	0.4049786627292633
49	0.42286298517137766	0.34343321621418
50	0.4896853482350707	0.36683137342333794
51	0.42211083229631186	0.37287316285073757
52	0.4362619463354349	0.3055808935314417
53	0.5626228731125593	0.4140922985970974
54	0.47132650949060917	0.35486242547631264
55	0.38604776561260223	0.3463655151426792
56	0.4667605049908161	0.3462785631418228
57	0.4321745801717043	0.32647334039211273
58	0.4274918297305703	0.365629643201828
59	0.37189894914627075	0.4567221775650978
60	0.4231046875938773	0.3580840453505516
61	0.49192763306200504	0.36276546120643616
62	0.40257210098206997	0.46884962543845177
63	0.3844560217112303	0.37441518530249596
64	0.4155535278841853	0.4059404581785202
65	0.517111187800765	0.37230100110173225
66	0.4172669257968664	0.29466239735484123
67	0.4222341850399971	0.3344775475561619
68	0.46417091879993677	0.37645284458994865
69	0.4102991474792361	0.3594806417822838
70	0.4755929447710514	0.35748458094894886
71	0.46971018239855766	0.3468882143497467
72	0.47310993168503046	0.4981284961104393
73	0.44112259335815907	0.32044557854533195
74	0.416167632676661	0.28290189802646637
75	0.5633733691647649	0.44831665605306625
76	0.4307373184710741	0.2949548289179802
77	0.42658080998808146	0.32433030009269714
78	0.4102447712793946	0.44515225291252136
79	0.4837876008823514	0.31407324224710464
80	0.41144631057977676	0.32478994503617287
81	0.41767236590385437	0.3542105406522751
82	0.4082185933366418	0.3329382613301277
83	0.47749544493854046	0.29042069986462593
84	0.49957908876240253	0.3429568540304899
85	0.4443214349448681	0.30811480060219765
86	0.3860333552584052	0.295663271099329
87	0.45930704940110445	0.36549505591392517
88	0.4310833131894469	0.36899539828300476
89	0.41297963075339794	0.46885282173752785
90	0.4459033478051424	0.33335381746292114
91	0.3705302905291319	0.39010264724493027
92	0.4125325344502926	0.36643972620368004
93	0.5355232059955597	0.3738393150269985
94	0.43836043681949377	0.3228352554142475
95	0.4308460336178541	0.3031270392239094
96	0.3946716249920428	0.30789223313331604
97	0.5247922642156482	0.3223684951663017
98	0.4381846799515188	0.4057071954011917
99	0.44457198958843946	0.3095202259719372
100	0.4687058003619313	0.5105785951018333

Test predictions

pred	true
0.1969742774963379	1
0.011307243257761002	0
0.04681474342942238	1
0.17943289875984192	0
0.05920584499835968	0
0.004843273665755987	0
0.04710864648222923	0
0.03207836672663689	0
0.9558787941932678	1
0.09283499419689178	0
0.23562753200531006	0
0.949369490146637	1
0.5464849472045898	0
0.02648105099797249	0
0.45755088329315186	1
0.3381830155849457	0
0.03695997595787048	0
0.009684850461781025	0
0.5092031955718994	1
0.015095659531652927	0
0.11488208174705505	0
0.06295077502727509	0
0.2468472421169281	0
0.46724051237106323	1
0.6953855156898499	1
0.9815787076950073	1
0.01911953277885914	0
0.0029618809930980206	0
0.011967940255999565	0
0.3578377366065979	0
0.5464849472045898	0
0.536744236946106	1
0.9281354546546936	1
0.4970998764038086	1
0.9719516038894653	1
0.22795701026916504	1
0.08390011638402939	1
0.77788907289505	1
0.016967827454209328	1

Accuracy: 0.7435897435897436
