Epoch	train_loss	val_loss
1	0.8106979988515377	0.7737719863653183
2	0.6911672577261925	0.6246602684259415
3	0.6650979984551668	0.7382787317037582
4	0.6461769267916679	0.5657829940319061
5	0.5477575697004795	0.5506816431879997
6	0.5643996372818947	0.521944984793663
7	0.5051556006073952	0.5058222487568855
8	0.4821958336979151	0.5173617005348206
9	0.5177164934575558	0.4987706020474434
10	0.47473148815333843	0.48624883592128754
11	0.49721984937787056	0.47360747307538986
12	0.49266087263822556	0.526145838201046
13	0.5241495352238417	0.5909697972238064
14	0.5819702409207821	0.5277451127767563
15	0.48453053552657366	0.42637425288558006
16	0.4354689382016659	0.49395377933979034
17	0.46833499427884817	0.5092803202569485
18	0.4079109262675047	0.4707095995545387
19	0.4697878183797002	0.48468995094299316
20	0.4373624660074711	0.4183548465371132
21	0.4375757956877351	0.5190198346972466
22	0.45963248517364264	0.6037821769714355
23	0.4530425360426307	0.47285207360982895
24	0.41644587740302086	0.5617678686976433
25	0.46865616645663977	0.6351112984120846
26	0.4610311742872	0.4765729606151581
27	0.4460160993039608	0.488533191382885
28	0.46207311283797026	0.6709360852837563
29	0.41971835121512413	0.4261706471443176
30	0.434670003131032	0.43815480172634125
31	0.42956632655113935	0.5024639796465635
32	0.4452535668388009	0.5248952768743038
33	0.4072445947676897	0.504501685500145
34	0.386166762560606	0.4088401049375534
35	0.4112110296264291	0.55809236317873
36	0.37458988185971975	0.46391988545656204
37	0.3820926062762737	0.5606978088617325
38	0.4069609930738807	0.40674570947885513
39	0.38665705546736717	0.5014852210879326
40	0.3113509463146329	0.4896770864725113
41	0.44671737495809793	0.5381624549627304
42	0.4060615384951234	0.4197409972548485
43	0.4090839419513941	0.4235769361257553
44	0.4098475379869342	0.46648669242858887
45	0.3778496072627604	0.49878357723355293
46	0.4012786289677024	0.4831678867340088
47	0.4194587282836437	0.5586873888969421
48	0.37014187034219503	0.5913350880146027
49	0.44116037245839834	0.41020071879029274
50	0.4145725262351334	0.5739216171205044
51	0.43604142777621746	0.5327135995030403
52	0.3972457554191351	0.5185896158218384
53	0.37854795809835196	0.43083933740854263
54	0.3956930162385106	0.7028103172779083
55	0.42340066377073526	0.4516747035086155
56	0.38778888527303934	0.6132570765912533
57	0.44196841213852167	0.5149866230785847
58	0.5419624312780797	0.4368356242775917
59	0.46423675678670406	0.5352673605084419
60	0.4167222832329571	0.6953553184866905
61	0.4624590971507132	0.4243748039007187
62	0.3668642728589475	0.4217715263366699
63	0.35496353171765804	0.5527212172746658
64	0.3871151516214013	0.42588700726628304
65	0.37679070699959993	0.5779724419116974
66	0.3704620930366218	0.45789317414164543
67	0.4578855410218239	0.3710626997053623
68	0.41594907315447927	0.6311916736885905
69	0.32410957012325525	0.37500612810254097
70	0.4467609152197838	0.6378491222858429
71	0.4344472326338291	0.47467678040266037
72	0.36905078683048487	0.49221619218587875
73	0.3555164891295135	0.6662148013710976
74	0.32717310171574354	0.6027350127696991
75	0.34643339458853006	0.41526590287685394
76	0.40288765681907535	0.4730808585882187
77	0.42549322452396154	0.5306869056075811
78	0.390639990568161	0.47498202696442604
79	0.3228049548342824	0.5034294873476028
80	0.35055083595216274	0.4486943446099758
81	0.3662465335801244	0.4823178555816412
82	0.3697448614984751	0.4189119078218937
83	0.3816764773800969	0.6422042846679688
84	0.34653809014707804	0.4763225317001343
85	0.3220618390478194	0.5092833377420902
86	0.37638442032039165	0.44713158905506134
87	0.3889943137764931	0.4763786457479
88	0.38821569131687284	0.581969790160656
89	0.39945862954482436	0.7099748700857162
90	0.42669170070439577	0.4980866014957428
91	0.4189585829153657	0.576893825083971
92	0.40523023810237646	0.5975292325019836
93	0.344894465059042	0.44607359915971756
94	0.29377571400254965	0.5351812392473221
95	0.3992182738147676	0.4048833083361387
96	0.4049513004720211	0.474077720195055
97	0.3422650648280978	0.4999497979879379
98	0.32253800239413977	0.5534776598215103
99	0.326992598362267	0.7318595759570599
100	0.2789023914374411	0.538029320538044

Test predictions. 

pred	true
0.22191666066646576	1
0.3027706742286682	0
0.016656210646033287	0
0.972461998462677	0
0.9865351319313049	1
0.009166846051812172	0
0.41766396164894104	0
0.22381725907325745	0
0.2932669222354889	0
0.8920058012008667	1
0.7515334486961365	0
0.058040447533130646	0
0.03068246692419052	1
0.7967429757118225	1
0.6846972703933716	1
0.3447068929672241	0
0.9981179237365723	1
0.7515334486961365	0
0.8744906783103943	1
0.10672684758901596	0
0.02117372862994671	0
0.9968903660774231	1
0.3024219274520874	1
0.9406502842903137	1
0.47021356225013733	0
0.02941295877099037	0
0.17508305609226227	0
0.38877004384994507	1
0.9777392745018005	1
0.3996756374835968	0
0.9963338375091553	1
0.7986184358596802	1
0.6056433916091919	0
0.07984986156225204	0
0.8893461227416992	1
0.23734135925769806	0
0.1417030245065689	0
0.07782673835754395	0
0.32427480816841125	1

Accuracy: 0.7692307692307693
