Epoch	train_loss	val_loss
1	0.4139956178312952	0.21641558747399936
2	0.2395889762238684	0.14843267515640368
3	0.21391136095520447	0.12625557129186663
4	0.17626621000553397	0.12115268019789999
5	0.17579877337398517	0.10318169361827048
6	0.15693992453584957	0.09920040088367056
7	0.15923232124822045	0.09176747654353014
8	0.1424561885598285	0.08756347015415403
9	0.1597981413307769	0.08680117037147284
10	0.14345704051348465	0.09193257007493892
11	0.15167515756514727	0.07965817114084282
12	0.13548845671043222	0.10103875079022889
13	0.1316007614633153	0.08468732701360503
14	0.13696584954794327	0.06787943000778217
15	0.13541703221827364	0.08701830983839252
16	0.12429633690573444	0.1108863338489424
17	0.12327043150170622	0.08750620227180082
18	0.09682179652604232	0.0725099549374797
19	0.12489335683163848	0.07445164452391592
20	0.12515560145733284	0.0767855475820728
21	0.10857461857217872	0.09916178918369538
22	0.10987113772849129	0.06734936768638859
23	0.10365326689233453	0.07587041058418849
24	0.118338924706305	0.06471164354165508
25	0.11890572623087792	0.06993259920272976
26	0.10693221354052763	0.08322261271347418
27	0.09715259154538879	0.07808474722498265
28	0.09494440205889987	0.06807149931079369
29	0.09971341154530157	0.0764827811878852
30	0.1060672641271429	0.05799102084314323
31	0.10183852358849518	0.06988332212892022
32	0.107595018404192	0.08456480557056652
33	0.11303228906101802	0.07801397626859728
34	0.09086376824482366	0.06553541005864232
35	0.11627596311353211	0.062036677374800835
36	0.11467828502248846	0.09576056711904873
37	0.09806919396743813	0.06174386290579357
38	0.10056052843653808	0.05761401242290793
39	0.11303540675726254	0.07594820471488427
40	0.08494430447568778	0.06251552983568134
41	0.08631545498230314	0.08258269940217194
42	0.10027482643636176	0.07547241828499617
43	0.10347645678451624	0.06063479730933481
44	0.09839479562916412	0.06181472746009769
45	0.08149316772919106	0.058430187234824356
46	0.08533854477751777	0.05268117067647505
47	0.10234504048540574	0.0815936920043896
48	0.11230469705994685	0.05587517200117211
49	0.10756734310085779	0.0701540156151168
50	0.10562358837540325	0.05322788076194807
51	0.10166010555555906	0.06722052137113431
52	0.12423120548787252	0.06474083941826723
53	0.09189920024271653	0.061684230367642486
54	0.08851641080995747	0.06678035927986704
55	0.0850093292399172	0.057975517089785586
56	0.10694711147367673	0.06808331258600281
57	0.09882600332705559	0.06474646523433462
58	0.0969205525894226	0.06186674725772305
59	0.1040521314495312	0.07071821107753996
60	0.08465311757754534	0.0604911554493645
61	0.09680711966740835	0.06936018406850053
62	0.07647223304080729	0.05620945807392921
63	0.09061499008285781	0.05446371310509593
64	0.09342100880365417	0.07296882249912331
65	0.0996576616168816	0.07030844189284835
66	0.10975100885943076	0.05959844291448297
67	0.0945144735451322	0.07053897687001154
68	0.11242623240865544	0.058338521457864605
69	0.10336755950398087	0.056553003064684824
70	0.1042226021127135	0.06064324294625707
71	0.09628447685000455	0.06436539160627448
72	0.07000557309021876	0.061692184730253015
73	0.09594302292895339	0.0615427791953235
74	0.10351175209143548	0.07138096884591505
75	0.09877816544758389	0.06870208768999543
76	0.08545827908561808	0.0669422470398951
77	0.11553949334467523	0.06333269615094071
78	0.10597739923535053	0.08157462078749879
79	0.07867236471760077	0.058468075171318065
80	0.08088392471423007	0.06555810761214657
81	0.08011141621963444	0.0567353568998938
82	0.09160274127655364	0.06933004136656316
83	0.09792476977137002	0.057734640935615804
84	0.09080593263024639	0.061147289800415325
85	0.08600322272270039	0.05833352502006826
86	0.0735134088661818	0.06773222191308874
87	0.087883795357894	0.05764795322796668
88	0.11316577257416198	0.09110838636049513
89	0.07083459178829798	0.0533532969658898
90	0.09047050109405642	0.061912085247802846
91	0.1080851213661266	0.052156317776032
92	0.08543756373894046	0.06188327203612558
93	0.09589183225596737	0.056237621769634476
94	0.08556699737147772	0.06108066085884771
95	0.10579720737521049	0.06569969745495738
96	0.07670967473826419	0.05892198836822486
97	0.08406256954814043	0.060605395505924455
98	0.08652557013242172	0.06786107827379469
99	0.09957674358586453	0.06735702699965755
100	0.07976429170660347	0.052900045266472843

Test predictions. 

pred	true
0.006405845284461975	0
0.01669897884130478	1
0.002217311644926667	0
0.00640893867239356	0
0.03904670849442482	0
0.003923863172531128	0
0.31020745635032654	1
0.3290520906448364	0
0.01773281767964363	0
0.09615236520767212	1
0.054128099232912064	0
0.020862873643636703	0
0.9999622106552124	1
0.6365508437156677	0
0.08035223186016083	0
0.0009131882688961923	0
8.793545566732064e-05	0
0.007423314731568098	1
0.8312989473342896	1
0.0002648901427164674	1
0.6524327993392944	1
0.13307705521583557	1
0.0005092006758786738	0
0.8480605483055115	1
0.8799068927764893	0
0.9565070271492004	1
0.05065607652068138	1
0.002165833255276084	0
0.5235707759857178	1
0.4716772437095642	0
0.1519516259431839	1
0.33348536491394043	0
0.7031630277633667	1
0.5612093210220337	0
0.7966590523719788	0
0.2907593548297882	0
0.6365508437156677	0
0.8800492286682129	1
0.9997393488883972	1

Accuracy: 0.6666666666666666
