Epoch	train_loss	val_loss
1	0.403298753652383	0.19046160951256752
2	0.2298629113515331	0.2435539382594553
3	0.19210843614895234	0.17348523827439005
4	0.18836944660341198	0.11805456800555642
5	0.16778571241725745	0.12344495643099601
6	0.15262449534334752	0.16403542152097958
7	0.13804363416751253	0.13036930685947565
8	0.1304579405431551	0.16410918203605848
9	0.1310465587012004	0.13071222420231524
10	0.12692777633293933	0.14847613575032234
11	0.1370150650697972	0.1433948817535896
12	0.11542548559902405	0.10614839586196467
13	0.12858886901680802	0.12169710283739153
14	0.12553190464280883	0.1345389509277249
15	0.11355296072724741	0.1816278289241547
16	0.10373975262998349	0.1442020375662568
17	0.10400205297363838	0.12531824798365546
18	0.1047181017718024	0.1420908250570805
19	0.10514041766873561	0.1634003339462321
20	0.1045413278433526	0.15667867765693122
21	0.11536943852975541	0.13582074354318055
22	0.11434058123466623	0.08121616016829979
23	0.07696004583770198	0.17722860723733902
24	0.12290919200908816	0.11237375061451034
25	0.09683869867810492	0.11262618784067771
26	0.15200786271915687	0.09306710614394186
27	0.11414833437844539	0.14331036428285931
28	0.09712343826487829	0.1329680027444159
29	0.11372149281140248	0.1722531445874748
30	0.0857028884215238	0.08068845280848275
31	0.07164426346769853	0.09812747216942212
32	0.10995510358870061	0.09798345463985408
33	0.09672507060564715	0.1356348636443892
34	0.08581413261956848	0.0747343476369596
35	0.12281010689184768	0.09804867594820363
36	0.092685665065801	0.1278788414942524
37	0.10495050836090575	0.16549400275107473
38	0.12666269839246524	0.21388047053055328
39	0.07398517827840062	0.11052296704094094
40	0.08383804841287201	0.1028066092906308
41	0.08961120144042732	0.0708407606937478
42	0.10032770627301281	0.10582925895604686
43	0.08454878062300188	0.0766145709917923
44	0.08664837414967637	0.124545182752296
45	0.10394134151680522	0.1409677820457463
46	0.09031464526891465	0.12723311325746842
47	0.07097645635514543	0.0900717283300103
48	0.06598205290554854	0.08534474271106195
49	0.0749632818124982	0.09182254182947376
50	0.0910217436381076	0.15548926330467855
51	0.09315028079584987	0.11824299968959001
52	0.09721712549600686	0.0989678581747946
53	0.07223400431162603	0.07092620475338084
54	0.06290955985621788	0.09441364300569562
55	0.1024195561341747	0.11193801068954846
56	0.08706956654052854	0.08859449619988234
57	0.07912640051604698	0.1399562869787174
58	0.06489550465862108	0.08396890360613311
59	0.06351238432795402	0.09235990433675893
60	0.07262013611051027	0.12749651344281368
61	0.10201592461800663	0.07808581046463753
62	0.10384899707498169	0.09959420972617491
63	0.07005456254897911	0.217675206029195
64	0.06002712265820843	0.1266553853479722
65	0.07446966089231534	0.11085288693390215
66	0.0991145603948925	0.2600351579550823
67	0.08262997021227586	0.06983112687455352
68	0.07473106674172993	0.06384533413669984
69	0.06409673200290524	0.13378530071085235
70	0.0707498938946959	0.13183671694754262
71	0.10138705922194773	0.05976287049402758
72	0.0756920314696882	0.11916985128283902
73	0.08155425665753765	0.12638400357338303
74	0.1018038554358017	0.1209007918408712
75	0.06696677776025436	0.12194345009596542
76	0.07059902925357164	0.14635950174521317
77	0.09347666573723307	0.07312078576648094
78	0.07763599115663634	0.09315772514673881
79	0.08791066693224407	0.07111015955756143
80	0.08350662560678757	0.07746519493627023
81	0.08408333733892835	0.17189270443156024
82	0.07924146565032557	0.10352065040454116
83	0.08216233502191078	0.06520774821216367
84	0.07543395244564718	0.1293463475779969
85	0.053996679302889046	0.07050195456130579
86	0.06503460498805164	0.11637783421875528
87	0.08251020875699892	0.13781653964501442
88	0.08658927093301827	0.08629586753787324
89	0.05719371722476684	0.10494156726715366
90	0.06488257380078721	0.08893398684350276
91	0.06141399300957511	0.09349644306216347
92	0.07956945524595292	0.10129292110385987
93	0.08689232561019625	0.14185133947037024
94	0.05512507951078243	0.10021804253748004
95	0.09220758880903966	0.11007366681191012
96	0.07437416766879323	0.13139117728992875
97	0.09955728668484715	0.08766199728812683
98	0.06315151800555957	0.09848437002719121
99	0.08308188999149024	0.14447420351709958
100	0.06483122544423994	0.08865212225249376

Test predictions. 

pred	true
0.0008010235032998025	0
0.9786973595619202	0
0.0005601229495368898	0
0.02469203993678093	0
0.02166420966386795	0
0.09398651123046875	0
0.7556639313697815	0
0.2235025316476822	1
0.5042423009872437	0
0.00015756090579088777	0
0.9997633099555969	1
0.9999760389328003	1
0.020234694704413414	0
0.9514151215553284	1
0.786370575428009	1
0.5293437242507935	0
0.9996107220649719	1
0.0016454620053991675	1
0.001982292393222451	0
0.971361517906189	1
0.9948384165763855	1
0.560386061668396	1
0.9818790555000305	1
0.9804717898368835	0
0.574993371963501	1
0.0010880283080041409	0
0.8846614956855774	0
0.5263912081718445	1
0.6554529666900635	1
0.9974538683891296	1
0.8853669166564941	0
0.0010211922926828265	0
0.2399565875530243	1
0.09398651123046875	0
0.19476383924484253	0
0.9998987913131714	1
0.9788355827331543	0
0.42679232358932495	0
5.3641200793208554e-05	0

Accuracy: 0.717948717948718
