Epoch	train_loss	val_loss
1	0.8020836301147938	0.6613082587718964
2	0.6807909086346626	0.6376239359378815
3	0.6664135493338108	0.5866925865411758
4	0.6495106182992458	0.5767471492290497
5	0.6406205557286739	0.5806936994194984
6	0.5698229558765888	0.5546097755432129
7	0.6282882317900658	0.5071644559502602
8	0.5726541914045811	0.5206904485821724
9	0.5657763555645943	0.5351512506604195
10	0.6429774537682533	0.6030677706003189
11	0.5796468146145344	0.4400225728750229
12	0.566083637997508	0.4540398120880127
13	0.5865485481917858	0.464175708591938
14	0.5778787303715944	0.4838763475418091
15	0.580900464206934	0.5915643125772476
16	0.5755977239459753	0.4886210113763809
17	0.6121041364967823	0.4432075023651123
18	0.5768709480762482	0.46889933943748474
19	0.55139802955091	0.43530891835689545
20	0.5547014568001032	0.5225947499275208
21	0.5197550300508738	0.48223689943552017
22	0.5596652626991272	0.5544299185276031
23	0.7735665012151003	0.4881233349442482
24	0.516352592036128	0.502904586493969
25	0.5154735203832388	0.41688311845064163
26	0.5214376859366894	0.4454863741993904
27	0.5469498243182898	0.4626346156001091
28	0.5226167384535074	0.4375733509659767
29	0.5475283367559314	0.4036671742796898
30	0.5089640077203512	0.4336855113506317
31	0.4785993564873934	0.4057973623275757
32	0.46628228574991226	0.4173390790820122
33	0.5489309132099152	0.4929211884737015
34	0.5263815438374877	0.4092189893126488
35	0.48652555607259274	0.4363637939095497
36	0.5446656662970781	0.4723813459277153
37	0.5518156941980124	0.4324381947517395
38	0.5303971599787474	0.4664938822388649
39	0.5078167486935854	0.40078138187527657
40	0.5164517220109701	0.4239572808146477
41	0.5339649375528097	0.4203062728047371
42	0.4920745901763439	0.44373975694179535
43	0.49471040070056915	0.4008873663842678
44	0.5529035795480013	0.4004815071821213
45	0.5031111687421799	0.3836696147918701
46	0.5158071853220463	0.49430274218320847
47	0.5239095445722342	0.4099038913846016
48	0.5294969389215112	0.45439208298921585
49	0.5363252684473991	0.40029165893793106
50	0.5403063111007214	0.43540261685848236
51	0.6049592085182667	0.41565123200416565
52	0.495073982514441	0.49356530606746674
53	0.5412608720362186	0.40584444627165794
54	0.5729492679238319	0.3740924969315529
55	0.4751650597900152	0.3856494501233101
56	0.4409757573157549	0.4222453534603119
57	0.5392650421708822	0.3756921924650669
58	0.45360291469842196	0.36280197836458683
59	0.5284193865954876	0.36883022636175156
60	0.4650945533066988	0.3401861470192671
61	0.5142889674752951	0.42936158552765846
62	0.457920353859663	0.3959851413965225
63	0.45429270435124636	0.3691267855465412
64	0.49661803524941206	0.5092506781220436
65	0.47292833402752876	0.4278445765376091
66	0.5372464563697577	0.44492560997605324
67	0.5454545924440026	0.3728155419230461
68	0.6258689612150192	0.6077523529529572
69	0.6216934183612466	0.39824265241622925
70	0.44477637112140656	0.41734903678297997
71	0.5341958859935403	0.40802832320332527
72	0.4376267958432436	0.445746585726738
73	0.5156600270420313	0.4672038145363331
74	0.5203354079276323	0.4322876073420048
75	0.44819406513124704	0.3808956742286682
76	0.46506274677813053	0.38400737196207047
77	0.475447341799736	0.4133159928023815
78	0.5223061982542276	0.4741385206580162
79	0.49739493429660797	0.4184796139597893
80	0.4881657771766186	0.389049768447876
81	0.5034099947661161	0.3986559398472309
82	0.4608633555471897	0.39409613236784935
83	0.4030001675710082	0.3390275612473488
84	0.5786085147410631	0.552136454731226
85	0.5999845173209906	0.4971405863761902
86	0.4977038074284792	0.5342975407838821
87	0.47827230859547853	0.4131929390132427
88	0.4589385762810707	0.37631190940737724
89	0.46335442550480366	0.4032009728252888
90	0.47400128096342087	0.4563570059835911
91	0.4795100959017873	0.35072455927729607
92	0.5652620419859886	0.4247259087860584
93	0.47742329351603985	0.36207713186740875
94	0.4655421916395426	0.41143887490034103
95	0.580371929332614	0.3686525374650955
96	0.4482775293290615	0.4843238517642021
97	0.4759629322215915	0.4116554670035839
98	0.44829856138676405	0.3399420864880085
99	0.5509359762072563	0.3754248023033142
100	0.47683754190802574	0.43316418677568436

Test predictions. 

pred	true
0.033096373081207275	0
0.989794135093689	1
0.2694847583770752	1
0.049946945160627365	0
0.10038075596094131	0
0.5768362879753113	1
0.15397284924983978	0
0.9874550104141235	1
0.7336046695709229	1
0.12907038629055023	1
0.11517530679702759	0
0.7310373187065125	0
0.010071380995213985	0
0.08944573253393173	1
0.7310373187065125	0
0.6972980499267578	0
0.02919647842645645	0
0.8655321598052979	1
0.0728040561079979	0
0.1514035165309906	0
0.12333919107913971	0
0.29439398646354675	1
0.47572407126426697	1
0.1253122091293335	0
0.1012120470404625	0
0.17985257506370544	0
0.0162260252982378	0
0.048255447298288345	1
0.1446579247713089	0
0.33253419399261475	0
0.1086956337094307	0
0.013276436366140842	0
0.9412740468978882	1
0.06497737020254135	0
0.9584730863571167	1
0.8955281972885132	1
0.6307237148284912	1
0.1645074188709259	1
0.9511130452156067	1

Accuracy: 0.7435897435897436
